17574
210263
160707
99179
3242
232215
179912
85860
139223
158379
239100
97885
205616
140308
160233
63840
175210
88029
203455
50276
201133
105119
68549
34207
164306
60338
181379
37262
227812
237830
22148
39092
194954
124915
220681
249058
109071
143027
232144
205082
87112
206519
44462
86498
46367
197143
157477
25124
144287
69579
48243
236930
145922
189609
46216
103310
194795
215147
212156
169275
177711
199353
91853
3553
15137
108603
66976
136594
148067
22159
72385
146864
237659
248207
143618
58845
143642
140129
39623
71167
71734
247269
222447
200618
156663
48868
110614
113068
132735
155144
212137
137559
199428
216927
181009
192045
160482
212422
33688
89956
93785
174946
77286
241553
138361
204284
230343
67356
179304
177523
57464
4874
71623
70281
46106
7204
248046
85683
214850
201959
187335
71706
33534
4954
206284
93123
145229
103200
238914
192793
245939
12243
196713
8702
167772
86798
35916
82072
181401
178641
221557
180383
211829
234390
38489
248426
113836
76159
174986
42886
155708
28232
96271
218186
166742
173846
74729
141873
242930
29959
216926
23018
73923
139615
239820
133425
150446
202160
136367
213333
229655
99281
245962
196516
119117
150755
170006
203273
39973
94993
229302
91953
123227
43777
84305
138011
164875
207548
97762
15207
151033
159879
99134
32551
214519
60677
237094
8723
142663
191025
166483
85379
117213
197457
182001
40891
157387
109946
54584
82028
192977
163718
138785
161815
44618
164872
179628
44905
62815
215456
34583
243993
90840
53235
209661
126495
138995
208581
243915
167805
143822
33154
165291
140824
73664
218795
211997
33980
48675
223607
155019
232596
95317
156489
29818
100230
42756
227523
45751
77814
14462
116148
53703
72767
114586
161432
45778
3180
137753
39471
13971
9901
43375
190592
232237
114136
39990
84593
49611
167315
213258
95599
128106
208235
179325
151571
36913
224688
86659
75963
216374
25932
25225
194334
120445
72332
199815
155936
24491
160217
16199
161176
101307
160638
16514
58548
189609
28642
57925
17956
177165
190679
128759
157664
82841
28001
105313
4572
6732
54386
173401
103250
178630
204382
230005
219558
22001
100921
102371
85732
28423
68285
186077
149143
141766
189704
21663
109100
145184
169663
107378
198547
88886
249107
121442
6279
144821
214131
170013
223409
222636
74445
249468
119666
224480
20330
184275
166101
145380
214654
68242
95710
110634
207692
71886
124633
97609
87084
185058
114586
74204
208
138468
119323
31008
74435
78626
48959
76838
13327
222864
137035
158720
81771
154031
148131
39098
130513
119490
108865
19669
54957
234254
232257
227660
135599
184389
146592
151715
83867
126918
129231
56103
180997
235992
208722
133991
85351
104649
52794
159316
80572
103065
97931
150294
183535
196289
58818
217693
61316
20052
106677
23851
200000
2935
50622
203181
91340
125416
132586
13492
41476
188073
99487
64621
96859
227621
103608
172329
19765
80805
145149
124523
199512
205137
182431
122199
167003
170152
95843
98176
223514
236121
82718
75847
239915
234971
36545
242806
59949
217882
164064
177021
231669
160468
89081
116997
139247
32430
86519
135208
61019
52414
170360
203150
125137
244796
180902
225780
9214
40382
112369
152300
237386
223157
203698
53389
161719
137866
230708
55924
97092
19734
224179
147013
235761
115123
1699
9679
108751
181185
220849
84440
158
194199
120713
118889
139587
56822
3407
139959
7552
60760
6621
2700
179935
140711
36145
234555
192708
198309
128904
47850
60836
193909
178407
226541
194212
153614
238738
38693
8571
101173
85732
31293
85838
97903
194737
131415
34342
191928
173597
93272
56954
222946
156033
149098
142462
139172
146898
102222
241695
201055
117175
4749
106247
115738
21736
77731
8375
4148
11641
150712
138307
39419
158862
136353
97988
249614
6780
213051
56649
205386
188313
85390
158376
228059
168853
71691
141813
237804
118061
42751
149507
199874
29566
28514
146323
85952
121053
72411
190069
212870
94071
217285
63414
174603
241859
122926
182190
194165
182332
146959
68075
209290
79645
139384
55319
125282
33751
106366
206430
12419
204669
225379
142131
160048
12881
146902
137521
214875
200181
138214
120636
56290
67323
43737
93167
201024
65184
129284
187788
234063
75287
93537
234346
120174
133779
208005
216582
152381
32590
62301
126338
5232
51077
54524
111993
8848
193244
118540
133317
38805
10928
104009
127040
122387
35809
78788
54022
223483
186622
46904
183748
140665
41161
5910
230469
243648
189217
57738
43331
25034
223755
160198
185830
128059
221582
28417
89342
144708
108804
199316
242454
159660
115052
197877
234739
105010
71602
116008
40267
51604
221267
78039
72723
187183
31097
140895
75469
154265
78398
223722
11858
211198
68737
239672
68803
59433
241595
153868
66222
55579
1364
221215
33160
77721
178110
1442
197057
195351
147353
12519
191920
48774
24115
63147
176611
77358
117692
67208
129177
53294
168204
109374
204411
218843
244124
75418
191784
69241
99658
74886
142359
44018
220974
186649
241041
142938
223892
16919
156733
142404
175937
122758
116271
2308
37183
178495
236367
15887
103959
141417
191643
138107
16291
75823
94244
224339
113787
56231
242643
190972
138883
100864
21304
144199
184810
80203
202591
4624
51769
177568
101540
229044
84109
35184
111072
198297
116086
159974
193314
156095
24124
215735
158843
41061
209881
105589
66631
190172
82101
112497
23396
137579
8871
14440
88853
213691
232186
128144
177974
179638
125318
151043
47923
222542
50749
130319
154227
88251
98973
207616
42304
235323
136495
195384
221635
136260
248972
92050
42477
243621
137152
202963
26366
141757
147557
219458
83085
46167
128185
132935
130199
81821
47957
83331
213006
161560
149261
64877
216244
63032
235449
154447
148265
55224
242444
116750
84899
197923
88313
249206
101119
14420
17600
31914
56729
167166
100906
168463
25976
126279
71186
23522
5935
224483
10407
108710
187532
205574
165534
42588
103902
42782
42469
148975
173463
232842
105906
103138
159294
14975
100893
206182
194727
201763
36341
142709
163689
204662
55927
227684
172127
62582
138626
131586
217707
135151
79353
96925
85353
11737
68925
163349
86014
191807
92603
19690
122974
119763
84482
111589
61941
40387
29384
43441
244209
107577
240115
69706
156420
86995
207523
177475
101934
53640
45747
95721
137295
230996
133909
171902
92709
99098
215106
121295
125697
53593
28324
208019
87400
196013
155003
41725
10827
186501
175523
65740
108882
64868
75290
67534
71879
122292
45568
122252
105997
146798
119531
137250
405
134245
1715
86387
42241
95234
54354
3220
186857
3857
134219
2495
101005
98189
45109
182687
227574
217582
93357
212245
194153
155826
213790
71195
241963
122699
159850
48277
156988
230929
23036
249616
162925
185913
161079
9395
150285
40834
231146
61874
210760
99498
157379
103964
243898
232561
46416
113022
140341
135683
39962
247620
138821
184795
198699
143906
176034
124834
246343
74760
746
161509
26781
1813
152653
103743
76998
191285
233402
42754
109507
76018
141572
96846
30747
83030
162838
234492
186774
106096
40819
64511
144402
48609
205376
771
249212
5750
224198
118811
86019
188025
236044
170787
165954
183654
70138
118096
222961
21359
214295
249151
120269
127764
159790
117463
146164
6314
199465
122512
112
176667
183050
239715
95781
25846
82642
227402
69370
7459
208229
235771
2036
200432
183052
164967
98972
106420
148738
9332
30679
23275
164266
72272
118173
160159
125314
206460
176870
193815
143124
69135
183504
62150
213277
40927
76167
131555
181701
38396
164729
222804
8982
79408
117091
224220
27717
50804
171011
9005
76455
39283
218723
108093
245020
196211
44164
179741
5342
177236
110036
189349
170455
101779
219917
136765
176021
115053
42140
64593
119009
206198
52383
170708
83176
136339
9727
180364
62751
25859
12878
65349
104772
194224
190696
648
50756
58068
226235
99301
3836
14248
239469
17984
111446
245081
108496
65445
37229
158660
188441
168729
12470
119933
157807
227423
84586
101298
150286
127358
138227
33683
113722
95020
85159
61260
181478
28355
221216
199294
115237
121487
66170
210403
145110
108589
90287
204520
205080
32875
247418
15698
233423
96088
118971
110278
41109
197333
33805
4593
111073
53615
164816
220373
214834
4099
92264
198128
51417
232705
151052
148079
162955
78715
163678
112249
205193
45471
37135
5725
87344
172654
119554
132183
158795
80152
246409
215147
86900
102908
155221
236233
92097
171595
197114
69607
10012
24326
121206
36590
247137
116118
192949
74069
950
47962
97137
241397
130063
99771
238157
70590
183585
234681
214706
105122
148727
36375
203263
48421
76894
71402
198810
86021
53282
210724
3770
71790
42048
109644
176699
198877
22350
37417
81312
142090
89327
8554
41941
102930
62452
142250
153123
48427
104286
102001
197695
65564
94223
222133
66733
148661
25826
235344
171407
189362
185864
89933
15668
171382
73381
90119
122446
151021
187205
167018
98791
46053
107594
14210
26931
159153
149647
111069
79286
70794
37509
191693
3564
29440
65516
22568
28977
205743
188204
173687
216736
40392
3150
3347
148291
162095
131880
103531
213349
201399
237754
114034
70386
235638
55388
127263
234272
225232
139133
104711
63937
143655
226144
128519
193618
135484
48348
51411
177816
149138
179746
27136
233240
165925
248914
74003
225855
206629
43939
192873
132814
182462
126389
163630
57204
239667
190850
39198
15295
55277
36351
243606
245700
208762
34238
44708
109061
210796
165919
215016
33180
230150
224487
169220
213976
195993
40792
27159
35542
204245
28917
88298
127419
191774
116614
28410
156821
125947
181122
88408
16369
91238
105778
78505
78317
21078
76290
33447
93035
240117
59515
40861
218911
248869
146145
89607
158590
96438
238567
245864
118047
200906
142762
191833
178306
179588
40860
47816
200737
153817
198583
146406
137742
118508
139388
221711
91446
143639
237614
97698
41942
188412
25688
179000
60913
102107
30068
192036
161673
168399
208796
85901
140328
64615
220984
125985
119629
200923
231255
185437
136801
123277
78702
36863
42217
125506
239217
155113
107999
86652
195958
206513
142437
104138
79432
95315
44700
14679
202625
6343
172423
109216
243951
200230
57106
222311
572
245909
4494
223528
183051
167550
48153
127213
36673
179386
164839
218239
179499
164418
212004
233788
63367
235352
236206
145027
140353
29367
9943
174681
142864
152578
174368
32214
70396
44010
112455
84348
202429
186631
45600
44367
189568
69141
44272
114972
112447
233135
236621
8194
53689
207147
218483
26986
116542
237652
161535
176598
195300
125419
92700
245496
108151
145643
97088
215865
25650
137698
217574
80534
9505
75075
175238
209535
47568
104324
52216
242099
23744
62049
220234
209741
184470
136496
78214
36769
51080
237427
185461
33487
45726
121401
30726
224522
88400
48570
141168
41429
147708
178731
9436
95793
164212
156239
15249
5425
237868
116107
130372
194291
156615
128054
58885
98147
28091
152475
174607
54433
146997
176550
221249
71111
76248
11243
201013
112006
99548
42394
71370
247821
31325
69502
151585
202919
226274
205572
192562
95467
142308
177836
35017
190073
230129
207180
23011
34873
92075
167854
67298
153412
67530
15033
179897
80858
192597
150746
73505
76787
172858
242152
81331
163785
179396
119944
204649
181301
47496
243473
202643
170611
100462
180308
236439
54737
34583
22092
31815
112811
61674
130990
66971
158737
72957
249790
60132
151867
187043
228789
225568
181465
176745
188666
222144
92141
59907
12055
162551
167398
125729
3716
115746
133538
105502
155907
66503
68908
214553
174120
22050
4002
179222
45795
165114
43048
80375
212432
234098
134583
178963
18923
121164
217384
186700
2582
92344
125302
117519
101372
55427
55215
198927
21211
165369
132236
177257
95061
185917
177621
228673
42220
206575
82792
67390
219144
139411
204857
51122
149662
31654
140785
1415
6471
155315
160498
10322
150488
27594
95650
27318
114833
168312
186617
2791
29268
106180
195811
102074
221734
60503
50500
89688
104511
147377
2896
85978
210710
122672
22215
46557
22988
215989
156104
105710
98791
83590
111963
132611
45837
248750
56999
182641
126925
151906
211098
173602
80762
206348
145276
183261
132097
117129
46195
129596
68137
228100
136249
90967
130000
203679
85649
58893
195060
180130
165913
215163
112221
42431
112451
18434
95885
43132
107268
124175
49498
161358
176077
140963
74103
81389
84525
18125
113193
240199
7026
9300
232101
217615
105192
245901
1865
56156
170233
164118
94486
229113
67005
232788
152217
170775
55571
237638
40689
6269
181891
43099
52622
170355
208355
202615
73493
173120
130135
31502
37821
9460
9060
148999
106678
218140
22330
89277
119821
33716
115859
238434
26266
8955
15533
170185
185315
578
195166
153211
219879
56426
228667
199577
204143
52210
203863
9247
119522
105801
116118
31713
190185
50328
172278
185693
67334
200074
99101
44523
111223
136225
32628
40133
24150
12860
139474
145017
129556
146017
89699
188303
217280
139916
44717
30152
138078
35315
68107
128710
201212
124406
221452
205768
80114
146767
55101
123590
122796
71452
229819
120651
82225
214832
104094
209569
75518
176378
124841
191323
169828
94509
109573
107399
63151
144504
38671
37190
38412
191017
128257
224942
8812
217834
94015
105999
94574
141327
37934
94212
135891
190481
234831
6968
95811
29600
138077
198513
225708
15840
66264
55090
7561
138590
21545
84568
5189
114155
84031
166665
103860
118077
170658
126741
3827
54178
247588
73706
65935
82266
116071
190262
96561
6542
91107
116683
60984
244361
141987
60062
177647
86117
130495
135122
192240
178634
198202
143401
234511
51387
149594
26655
29265
156909
15541
203498
34851
109306
31614
96775
12043
225136
91352
157595
233628
15473
122466
160753
172130
48126
66926
82630
219925
26877
240563
197405
103786
19044
74295
25505
175871
139653
191125
204605
5865
128551
90538
231841
168169
178891
144110
85705
111039
51818
12835
107820
16921
191418
168567
152379
136098
115564
165090
249607
60106
101400
72019
129833
164990
227830
105761
114818
49725
12851
151936
85482
178599
237665
26000
92472
129741
31125
45194
31731
168250
52963
158045
248654
97592
116960
40364
13051
193136
114866
222614
194218
84707
182476
53139
178398
31091
175093
100603
212921
157306
232011
187810
245924
146502
98081
82945
207541
179747
37104
240581
141941
200406
109056
75757
43787
101503
45779
28278
247339
138918
84971
74984
197801
92498
51508
162027
21466
25784
146895
9561
1736
188488
223984
216941
55846
73458
9811
22941
193822
121910
11241
112346
248535
122766
192098
78562
62171
78025
206398
76340
151774
82193
180204
86538
11662
183338
157828
62172
72313
120110
133599
210603
217023
113480
58121
17024
224409
76884
67668
51647
181868
60398
84608
137746
134221
204765
87949
89028
8037
238722
143387
95602
249867
193581
86845
215431
42944
98603
191028
21433
176470
239063
100321
181091
232977
28753
66536
66828
88661
188320
113967
99344
25482
134845
190784
48570
226673
243739
150535
212396
138546
239678
180878
26897
40635
22980
158562
211897
96181
169908
93078
142033
207436
47861
14484
53850
117266
50033
228226
239921
64911
94831
110170
113576
138557
10724
139856
43110
155692
8442
161740
17377
90477
247709
24531
116023
153994
229006
74419
219723
197211
74411
73090
187511
198520
116666
214955
16653
208952
4327
36165
182982
195693
36392
24719
108133
53695
243297
163956
43781
232547
91358
99713
138414
229040
169893
161672
168052
192775
29829
201965
175467
54960
136916
98036
81370
125157
213444
25905
192392
13341
29145
130704
191133
113124
35261
160764
149825
49660
158823
205027
98881
203183
225017
138935
104251
49571
28756
8504
85523
178934
191437
81558
81238
144985
74615
187429
187049
98739
13200
43141
159553
128927
94900
21380
228976
199030
78778
212014
159815
119991
209480
52494
232271
89881
168178
210871
15189
77365
232856
57652
198784
236017
19274
136067
119829
192335
218549
146885
140712
195682
125825
216838
212601
146673
25011
121063
204652
191507
82000
245628
151683
141078
128342
65971
186252
184657
103388
187585
173407
129373
67377
62859
71840
141488
136123
66044
163689
90791
29046
98800
180766
32222
53518
52903
70204
135824
189985
88387
146622
98196
46430
120067
184195
161046
148145
80195
146875
12384
2473
151500
209701
61314
101070
93769
8068
238004
22896
231381
77852
43480
235419
2933
87734
117971
71864
121646
82284
243595
99216
143459
24656
108105
216550
21027
231759
209646
63515
65317
190530
215093
64182
27848
216920
216794
146672
102393
165168
29194
162114
51001
183679
246573
163269
132094
123091
91068
131498
130868
27052
2235
43511
65123
25503
244522
207824
112213
203565
236169
30633
57234
160310
238891
221895
136743
240472
56142
59346
75505
208106
210611
228582
10269
236605
241054
220871
145531
218284
247145
172785
133061
81571
162198
166507
129349
59290
96640
4343
160082
225724
30003
238042
131813
32685
95851
212556
110277
92429
103408
81783
140536
166314
146224
85496
184140
55981
86470
204967
74581
182452
164028
87356
195776
3142
153283
36386
59567
167785
194656
194152
30774
246166
226266
176322
99255
74420
8996
238078
226744
41672
61496
71841
96410
131373
62612
238383
178821
193134
97693
109307
115305
246276
234522
152549
216046
83443
127672
144081
149688
131642
96308
226457
81681
38825
200675
199098
223533
10584
3236
43824
199069
143297
120810
42407
62376
23442
3426
166404
55546
169107
91067
112840
19647
58415
219261
156707
172351
213935
68815
142284
149332
41424
41128
95628
224474
118543
212461
52444
16209
137309
125038
29259
134665
145936
245535
63296
222900
33202
199267
131734
51351
232331
238985
149983
196938
43098
155201
156741
94080
204084
70811
2310
100014
65813
211478
94036
39520
99472
87586
181429
229827
42276
136364
49121
5818
31257
61965
107554
125231
143772
90792
7798
32502
119650
209462
168246
202469
183368
136147
108203
146018
54339
212317
32946
235737
174969
24804
143713
124158
229929
13299
175518
23383
135897
127757
46743
163645
175271
56734
153857
22352
90661
134565
197050
20073
86628
12725
140331
109260
212627
243498
225384
213426
88127
207549
211958
201411
135911
178978
56653
133342
86368
96096
177792
95265
35648
209017
80377
60554
26280
118749
227012
48464
237460
140639
177661
4881
58388
212036
25204
48971
14136
79361
148608
211403
127133
5581
168199
48271
152006
119822
166911
215670
104294
24302
120595
127190
6312
222795
53453
246123
175066
174040
75943
2815
220215
36234
48558
60099
75889
70150
42199
165651
6977
150307
107636
166143
104691
96038
110717
15000
220021
26415
179995
236085
181
110639
17781
124888
227989
232530
117786
20398
105168
49095
28828
634
111866
248551
208882
88462
198369
180182
245519
66481
190596
175352
150688
99280
38389
5634
204607
205980
774
182595
50241
246913
104321
101995
91470
193328
174651
20255
214452
123483
244532
180207
221291
157518
30164
123954
240129
29642
4309
180600
213914
92934
30638
247223
134110
245424
41732
224190
92733
134070
114019
142020
36259
109023
190155
280
207783
182630
152593
89659
107590
247175
87507
206719
189725
158470
237581
15195
17183
185534
58331
83573
28258
97565
76191
46810
182049
242774
82345
165682
155616
78587
94506
151134
36320
46437
234912
10541
85372
69595
170773
89307
215481
218517
193812
73029
17593
184167
113807
134216
238387
49869
164179
208540
43515
59076
42483
242109
142488
143395
19587
129911
52882
176384
150490
164626
116940
36667
31788
174926
44677
107280
28282
109568
237517
104247
78524
159420
124546
135747
113068
4498
26668
87529
125843
124447
247480
209801
59294
41066
200242
93737
177580
11283
42467
290
207260
135606
27274
226754
197920
244106
20476
78336
204071
243079
167416
196871
93929
65601
220171
20237
207829
224376
244960
188662
163718
97487
165348
203883
204083
196458
136196
1598
240558
124740
48238
217422
115699
211334
234953
196668
106767
16128
137942
14155
173572
110446
179856
109190
101443
4776
189979
50765
197075
27521
117614
117714
214610
11592
186431
113667
75202
54786
59554
15264
64197
59676
121548
194479
198302
225477
198214
139879
50817
72514
64906
70060
117430
18082
84626
10749
89284
245823
213108
108522
401
47830
117212
179226
234026
159388
205517
214810
7854
231778
107130
15214
219491
133918
230424
6508
165312
192564
210154
173063
175350
52817
90574
192055
159786
41782
88826
44474
49923
154373
217948
150581
136451
246465
5937
56051
15927
122504
25865
215880
65876
84729
243043
131278
67272
249107
47901
150724
192268
100486
35963
222806
245886
83795
189197
26938
101052
161806
129719
31188
242793
156654
134536
110901
186797
21892
45917
128564
106700
110073
32789
68280
52914
34916
215422
70608
203477
109601
7822
127413
229033
121365
241155
2070
94510
173937
35884
33479
30660
227780
151667
194410
220274
5992
27793
45969
132262
134381
81674
70924
180632
224937
183120
177035
189593
102987
234890
98156
21168
195416
184615
14632
200753
184918
34122
65085
117787
116891
41590
162897
152914
132573
21548
100196
21817
189756
7956
49475
173307
163852
27231
48856
164052
30954
116462
229771
36719
179603
183960
66328
159017
213130
79673
136397
59621
109334
6852
20638
212441
2138
205386
172408
132238
72478
166004
91917
57524
188692
90292
114693
217575
209674
188901
89886
26192
159035
100607
168289
156178
86588
174911
76604
1525
147902
215388
137016
65473
208702
234672
81190
234777
6916
90854
151689
48809
17515
24181
42209
39748
154765
177926
87397
9923
56050
211079
182215
63332
81181
117838
40818
152441
23528
232642
15797
108219
21620
104832
192663
128835
2725
126395
248237
206121
153371
129724
213066
20346
140702
228695
83557
60485
227997
10501
52965
222610
91899
190648
244172
112450
135345
206648
34979
10817
5753
44325
234620
99669
239910
130702
14212
142416
228367
220121
154379
36301
50159
167730
232621
201903
203237
60559
128653
205468
81943
173153
145279
99907
238874
19231
236723
189378
93940
240280
17317
1058
57463
74533
21752
101877
246964
54777
47172
90044
215284
57481
81251
168256
6593
145
43313
22826
25673
12906
208012
163160
12976
174064
21016
108201
26224
154076
79190
82493
196284
48249
145865
75749
182315
195156
65672
191623
131489
226398
94548
147063
56376
92650
608
8153
155153
147803
4987
65815
207719
46412
41122
219976
235592
58151
245591
6398
47702
3134
188145
75109
211927
146658
24260
92899
219452
214682
25566
143131
93059
142725
233044
29695
176496
27711
180542
233023
97612
42339
230192
190578
228460
109305
202476
141422
69742
237026
171318
147208
43063
117223
152357
166244
25742
241865
224091
28814
43428
244836
197057
142669
90587
208472
225349
71197
192637
19266
109945
9819
90285
116957
208894
81109
181541
221197
49670
95199
149631
131210
41308
78646
88582
162142
123941
145314
214667
89332
219992
185786
57958
49478
136726
106625
41675
26956
169337
116929
12568
205863
77014
89724
98379
86396
167490
175965
58417
42593
162186
245525
116277
104398
11355
122035
188530
77200
164215
88702
38711
154337
58113
172705
105416
118489
110258
68927
26642
61826
179183
120482
29331
218036
16928
75770
87650
147008
105092
139339
147179
55273
193480
57497
203429
26350
235579
209007
133591
178063
168860
10376
213199
15417
208858
18124
148749
132113
238049
52452
216154
8001
148345
7180
209315
222369
89325
84639
207138
192355
49884
184945
31241
2630
38298
38896
136328
154921
28461
213106
943
130091
222122
45670
207194
108727
91442
242471
180267
24104
135762
176612
79280
174671
155522
183872
27349
230263
114057
53964
240763
35667
75725
132644
81978
195165
70506
125494
159615
115021
15097
158532
45907
140951
187952
10068
137017
40711
207851
84069
134705
84880
14744
243115
209780
21690
8564
11482
114157
65086
230580
238137
208716
55506
132951
29219
212790
158538
94658
218350
39501
128216
50698
235522
101245
245577
233941
215993
216826
10260
161238
11550
205786
241653
139238
3964
26726
85206
13870
206314
213187
129815
249830
159473
206161
157778
229796
32152
80179
91023
200160
23790
147980
218124
243067
53941
17275
186829
65505
36058
33783
86257
64616
112840
6563
63010
96643
150163
4552
99307
88577
205522
213072
25265
160716
116718
141481
5213
33920
137991
11560
65620
10195
119417
81759
33220
2844
161796
75798
240436
131134
167457
237455
201442
32810
184087
14795
19259
63222
154387
215706
234046
12176
90673
35026
173520
162553
81228
156297
33865
119776
183932
83128
80239
106039
186315
164691
223535
159121
132384
87623
185462
47709
102953
126387
64209
39840
208997
87284
195836
143141
89504
220750
107970
171381
82485
247134
217085
165044
100549
96117
155511
103663
170649
136075
38256
238363
71160
146058
83381
15423
114026
212867
3331
209057
113365
30176
233119
204123
179390
33716
72234
210026
155339
214817
103276
248676
75263
211908
165066
116370
22141
180156
53136
114254
38165
222928
123194
190224
243691
106017
11722
18641
95027
117889
120492
65579
220967
126305
220430
174280
110541
237406
154898
229944
113959
175960
9230
111993
209190
193597
94295
128636
18274
108441
99529
191215
65077
230615
52807
50846
233348
207795
86787
68113
68204
39610
122338
3133
128053
90915
68484
10084
196858
22065
67814
8724
219172
22265
29413
96364
208110
150526
208099
113092
160937
150137
192513
89764
197030
163734
243738
236957
58727
47368
47850
211112
33762
118872
195264
209132
171030
145849
98200
155934
180055
45723
33179
29951
148050
159858
237995
43400
229799
99432
75172
237564
144035
45618
138352
239076
238372
16302
86267
101958
145288
109239
26122
80213
107358
77717
169114
168789
10607
249343
23818
69579
184002
233738
227265
93416
135746
112550
90045
236261
160352
81281
121558
148229
152106
190792
44875
138649
81535
171171
170296
109333
165622
159025
43621
60915
147931
123539
173515
97471
77534
240618
44987
175428
20121
152191
142431
5471
242927
98199
64163
168547
182417
112962
152848
158679
168153
241393
27122
118670
221073
105683
120675
80288
33476
140998
89986
83022
194576
97117
102275
241275
234140
99039
134861
145501
170227
176245
99498
41338
90629
122968
89762
78137
225275
107739
171343
112418
158069
51238
188734
11464
220523
216485
89274
238061
176846
75119
9817
52876
39968
45521
26510
156683
96199
166431
137126
170833
245509
13821
194478
167054
17951
152840
60596
148540
127784
85657
195878
98029
227428
66196
105260
25518
173930
141804
235621
183193
246877
27189
227891
70499
162879
73174
210265
156352
219792
210274
51378
157837
144075
93342
10889
74415
83976
141928
142396
212205
185983
128193
17476
87962
190269
17347
81546
57535
6182
40235
141972
53570
202176
243222
74633
238607
198872
239564
143758
117791
37366
161867
83813
213800
219370
166098
97729
17334
15249
228784
120035
120542
50661
239938
36017
149718
53641
89561
191940
138587
73184
6524
39711
232164
177185
203767
212748
17131
165619
61357
232042
136501
206345
63760
92611
25680
71083
243237
132714
71163
48907
67362
135219
157896
77266
85730
165909
149349
54800
249964
58955
217270
26302
165094
39284
47882
23673
163496
9536
13555
125951
67381
83939
62379
198876
53611
175666
233841
95223
193645
49526
7849
70473
64944
87071
46468
86765
195257
126559
57716
152657
48239
239540
64561
241052
128676
125946
205180
220634
53219
3109
98174
177326
197206
35225
249228
130584
163525
231389
232258
16061
9681
119467
48384
248170
141740
36960
11949
109238
17886
169676
223031
60661
44598
212512
121127
212613
148168
105353
178132
166284
244747
71045
65042
49844
101967
74092
187591
82623
123323
37324
114157
218287
224130
49376
239231
87646
25176
76951
131059
231012
194748
66981
57009
45850
227235
11648
166250
184850
60457
248444
11472
168888
104549
233978
135472
16409
16362
237606
65151
203322
164106
142508
111313
64044
4568
154240
38425
5121
199613
84017
38519
192137
83807
42636
22800
23810
50714
150977
184069
42329
170001
239396
157705
8286
16224
148685
111767
62511
127403
94764
237538
106320
235274
92593
179764
56000
157598
228960
15529
65491
129680
210054
133627
210190
151401
130139
145947
22934
212700
217510
217894
48381
83883
160476
143545
132813
61996
71642
199085
223041
153683
247364
31689
156401
62066
45232
208683
96157
76314
10879
147421
128518
103158
3364
164995
106164
25340
82844
132667
123166
27929
165762
118570
207168
238694
202091
193567
185924
184861
14699
67418
21898
171233
226537
172742
187281
241696
98055
54108
33554
61329
138744
101133
42855
37000
96900
223978
160520
98624
208243
102038
192308
86156
4627
226700
84808
181314
129228
169674
217123
79117
36172
11405
142748
61008
71516
146949
170604
238079
61364
41635
240615
91004
207535
84772
124978
120902
166045
21187
52693
183540
103826
135850
74932
137467
215186
222617
220261
177437
153028
130554
21363
128818
4233
114779
59008
125518
48626
79627
43693
82084
92965
158916
157015
146454
34914
187109
57760
104095
3325
59229
172252
172103
199345
52604
173194
4399
101262
125423
22042
62807
69714
58930
156627
236510
147516
72735
103619
149954
114447
227127
48604
108921
223828
9950
154993
55167
92422
94299
67196
76575
51877
49512
41717
193201
35955
219729
153310
248589
199295
63473
112066
156661
116117
155820
220771
153764
177842
55958
216431
167946
46838
198181
167028
146094
114946
131149
230039
230873
140138
232550
183051
239636
91199
238078
82482
138253
25073
200795
107638
238179
72905
136388
120303
191139
172436
220653
49894
69171
38747
121153
172026
50406
20453
48420
122394
191331
94136
223469
193532
26894
3793
6435
148157
31287
141267
64966
210500
31206
30931
47597
142031
171837
61029
156392
159091
143051
2109
17213
109631
196592
183599
18422
63087
157485
60343
238527
151512
170834
158409
145343
91509
119734
145249
78309
108040
242243
87287
149044
92754
187154
103452
94240
124626
135663
88449
17425
229056
118052
16168
13196
179994
166181
3998
185161
83851
92682
72417
179338
29291
72292
9464
244131
22740
35517
191550
199961
127581
150923
15790
4547
19155
207753
152454
121028
172549
90505
228424
168552
166378
88983
134513
239763
91682
372
181227
170995
23429
84055
164659
246248
114990
6728
23198
64817
30255
89538
65502
50043
107151
212482
56660
31341
121849
105768
68118
48751
205719
59067
36180
71345
30677
1917
227674
118067
238506
239417
46151
32919
178376
160845
174129
244732
26574
89695
195395
191400
27740
208989
124283
181891
81410
145383
151967
162442
147088
202864
152402
165741
202085
201793
128831
32931
82650
211888
79440
10737
128804
18569
247143
246219
128444
117207
159002
120837
235284
88370
182214
183790
176473
26323
182720
240748
146463
55920
200859
171811
148857
57222
69616
99973
95163
108372
101441
84104
24072
215886
212065
69903
181668
71966
6664
96269
89451
177696
49652
183297
48547
46158
185511
34504
22997
219420
171189
70574
133307
118129
235819
134841
37466
231272
121700
162542
27112
119989
4321
46911
223467
122385
63179
101589
244570
62004
95411
17722
48506
82582
183554
218242
18465
219085
221009
86724
101487
145330
116719
99488
109020
70695
5128
120362
218924
233914
48432
175526
77105
224870
99952
192398
165346
7569
60082
62491
50571
17786
168378
214958
202082
67659
44035
86647
67743
176731
31139
95250
240949
103379
237463
216106
238341
217423
87656
196715
97261
212618
63387
63019
69772
164644
168093
59745
185689
189324
38673
142919
127202
239726
8623
21667
56021
144169
93699
88575
154454
220546
145651
80270
98650
84494
172537
186786
177686
103812
232154
103739
181960
17528
6617
31054
170930
181433
83514
194301
77957
172835
106229
203802
167052
5488
110869
178778
176633
197081
141197
101573
177322
193103
103975
194854
160071
114483
220709
233191
202265
55349
116597
50524
153876
112950
108300
21119
100707
36265
64345
2534
105596
114749
158555
225396
17837
186485
34589
48724
244912
232956
63853
235011
34962
56335
176719
92535
44844
155084
155680
150819
117169
145555
1693
230550
57858
181306
60199
61291
180689
183687
207533
6405
96975
83033
142030
40908
33537
192380
129348
88800
83540
135670
89898
11189
41459
221740
35667
248094
131806
34071
226038
43546
132500
37980
94225
116045
8015
91178
160304
228031
168040
13273
2963
43138
232633
29169
171347
18505
117720
196546
237577
212976
216564
178244
188263
224718
203072
175767
47708
44469
61520
22948
68907
243994
108143
151815
94809
51265
143877
26913
130254
169215
49340
80634
244676
178077
153786
194531
93009
26100
33183
64859
181281
107810
142805
235701
122451
119884
210601
192348
246695
216827
132211
90470
145880
143964
230775
102068
42098
95760
166743
35788
79931
86964
79358
121689
64440
159329
113886
103956
160483
176827
65905
180183
239521
130580
64959
38909
7725
165407
133409
118460
180210
225976
115358
100025
188471
118191
31490
217665
82114
205920
183625
132653
246074
103668
192780
46475
180534
212759
63648
19479
35272
109220
228510
65126
197719
229943
155439
202144
160792
34814
54698
182949
124481
223923
69997
145431
92183
217752
52961
47444
1847
105125
211345
46297
143291
7563
117310
159928
237698
78413
229882
219662
243060
61721
243718
42768
143863
199411
196520
189229
243125
94177
143312
237015
160682
216232
14437
142251
179732
116684
192023
93724
56650
138202
169887
61530
223102
33087
131176
192176
214210
21536
217340
38726
1528
32556
187173
213952
134348
216353
52412
173497
209069
142544
17972
101935
9716
150553
221920
57168
147790
225757
215899
71194
83281
180587
79765
95647
238381
135922
143528
60583
227019
76769
140725
226321
202983
22211
54091
213847
52242
10159
70003
55354
139905
104460
191546
232748
96770
5727
50996
160672
137812
48560
32760
100831
75332
120932
124880
43126
38246
119053
121512
83258
152331
81693
139144
10413
139441
128503
173203
96067
76541
18185
38771
245451
90182
40367
85501
13419
226888
224262
58209
234347
235841
225381
207101
214065
16638
136522
177864
62120
111178
14356
54104
147954
127553
195678
95954
212087
139195
13818
45884
113072
198421
42546
248852
98849
138407
246756
208835
161828
76503
122944
203727
31419
208525
6451
115618
182887
231019
175365
9622
123675
79248
122274
236403
104521
171513
5911
217778
199980
233024
94498
97653
19749
89337
62259
177899
34753
235099
76705
215771
104690
5238
124499
78191
223628
36107
199202
195917
31323
249936
145548
237858
192395
31778
35067
156544
10089
144112
190994
152382
55246
93055
45099
99782
196275
138732
160058
208432
5476
243100
83235
151740
62061
165698
96954
104727
164073
65559
99051
115432
166664
150871
203160
111887
5733
141247
62036
207873
110294
92555
59090
85330
17321
77571
171573
14189
11356
7352
64613
203256
212027
174582
239614
207277
37798
56390
136496
181254
56940
65590
160629
116300
218949
172639
118997
83371
148860
192202
111678
81270
95254
86977
100179
161813
170956
178235
85790
116051
156579
43352
199361
167656
16449
121790
170015
49093
144878
223185
187492
197078
49747
141423
87851
220768
115693
143310
201729
157588
75949
169820
101259
131741
161848
178987
151117
101981
83129
231215
31669
174559
42649
25908
175128
66422
113866
211868
247200
237182
52745
920
91727
104629
6704
58591
26377
166058
93139
183934
36419
211719
146117
155696
71837
215184
138322
90430
224175
240661
185717
168319
163562
214681
158417
134040
29213
128329
141350
103655
33375
85356
188674
2686
195015
203357
35365
76973
144342
18550
249084
24807
227116
147206
113569
238114
127371
38468
101619
140126
132934
146695
54818
28699
119868
156379
124341
14870
179549
211302
232471
217552
228579
28415
150897
200166
75020
76711
193348
1696
141605
135825
198693
108865
100447
209446
110734
28597
109173
211349
150426
177159
158271
30846
234201
136162
179222
43249
88180
163498
57854
91571
62583
213601
22184
229863
234093
78423
123196
649
65816
120259
207628
86992
20243
124165
210594
102516
169614
124334
235326
19334
23708
106522
205375
84082
149547
151418
31220
166863
137262
115106
75063
48678
189136
183008
67128
149258
163165
217866
123594
46415
156869
143836
67631
70787
142907
13707
7391
110603
131449
85419
235926
13905
233279
80400
108160
67780
135085
210056
186851
86999
31147
206984
50416
159139
192583
158454
181043
95865
47188
11623
146809
182222
179761
222188
240440
31316
90099
15672
180016
102895
18241
180727
202803
233776
56766
211778
104211
185961
105085
218482
56024
136227
45361
59825
66905
236629
24631
88350
97402
82864
71273
94137
246090
249669
177738
18156
241279
166313
146955
3224
247576
150386
195737
188896
217048
120472
162114
46947
154575
148592
243295
201612
241244
121071
124506
210910
37306
143463
91230
134407
95445
180682
162479
63278
96090
63198
51620
89100
146995
188764
239650
10955
120789
155682
46320
174797
239950
69662
172071
123915
56727
58481
198328
214854
139039
106596
152984
10934
105052
95978
101676
95735
208692
181558
209465
98600
170467
116540
25508
133502
109650
174730
151597
185494
150675
233634
23977
35789
39895
212064
219869
99019
213134
109513
141646
183153
123611
242625
135258
230251
50356
244750
221913
74672
138769
208546
111526
85934
35729
190016
144352
126055
77980
203735
33192
168922
204621
30365
56855
48022
124182
87664
208425
145088
93896
188965
28513
129699
28057
82289
117468
50789
6877
9781
246451
8699
133654
136886
141508
241799
95539
63397
163619
71786
142134
29478
152295
15683
149779
189809
237495
160265
234813
4959
202470
199044
190219
109603
184335
120001
185617
157479
63156
230891
62597
214180
30818
48086
41309
248046
21540
165104
229140
234735
37333
56266
116852
109963
205827
99599
194022
71537
191115
26880
97631
43809
20347
123188
41729
28755
195129
155842
249507
175161
53102
46816
127954
153671
90399
171678
127965
102894
141379
53481
134445
219592
143935
111835
112122
208836
189129
179736
193853
108882
172420
159369
197000
143836
163622
110988
242408
7669
81041
91258
172354
73581
48149
148689
20955
86887
39459
13245
72990
52756
59703
201669
189188
25781
100640
121166
189849
163275
41839
178813
153187
4315
117528
147601
10521
73456
164176
240863
14116
227516
172224
143731
199653
141847
35562
157064
178214
13580
199190
145081
99648
149917
180574
37439
8280
80358
139590
63986
127888
150550
11329
99194
92707
173312
150283
78344
151016
246905
185085
196861
44379
204501
203532
65809
114645
186232
114031
151838
199319
25959
181811
147935
226550
55900
186992
114072
181325
212334
159393
173265
189773
160046
98898
183963
120139
161093
43761
73874
74951
170551
145460
240855
235302
88290
97272
106883
14972
235526
122655
237655
95771
66224
207718
183048
227873
62465
117553
91166
193478
36528
171710
72493
11272
117785
72158
33279
98958
218092
1035
243851
13570
28396
147742
219512
193823
129394
170748
602
102263
178597
38482
209708
134216
233943
16564
183455
231152
33357
176184
3814
154772
124887
92401
60783
235960
168434
69203
17109
235965
41196
146828
106511
245281
52909
45098
145272
3563
125100
64153
148675
214537
6698
105426
6472
9943
161277
9395
118017
208281
52577
1743
107352
146971
210242
102533
157111
44728
54761
102569
92966
110220
147921
175372
173946
23900
240267
156537
8297
191801
208833
108277
165613
236182
160824
120788
202188
17238
78583
78502
42322
130936
35635
130785
74020
147072
30537
150541
210305
211516
246960
96292
92254
161634
101512
218556
63836
26543
183900
207132
53193
93895
144270
87193
25818
165386
794
8256
48113
79007
209814
241907
887
145185
146915
140407
156501
158143
18805
217597
32829
173817
205537
74304
51433
239776
227216
48508
132353
52057
65825
245131
68298
50666
103063
22551
153599
173509
200775
55954
148067
115624
111335
128
171196
153326
234114
133552
20643
239571
214126
217783
186430
62605
161026
123140
41669
3405
131842
112860
54832
188630
135025
49023
8490
16975
136117
103723
217607
142977
102253
135560
70711
228443
14618
167599
81795
16841
2509
164753
164824
120451
198294
25529
106627
140407
119528
37163
70261
147724
21445
191457
12298
34376
234588
225779
42834
22930
163066
150366
182416
2091
172953
180908
46601
32362
179226
197935
198502
58630
37746
39616
205301
4352
120376
144753
79081
227984
23165
51174
207566
157467
64880
173493
217163
83301
85320
66636
184111
51064
93125
53631
34408
9988
199047
86965
133359
26884
2165
93214
3348
202406
59011
48755
86751
145711
185944
67141
107132
51655
51087
121825
42113
46823
197374
156582
129071
98925
223071
197942
106184
2700
8154
34960
234687
205249
245521
72943
237092
80020
207407
113327
51209
142647
99856
236218
240518
72948
104741
203612
5975
20462
153626
131696
112074
179217
227922
88087
234360
203645
182229
161382
183889
130088
119561
149175
26371
129904
49900
35981
213407
244820
201035
18620
5149
235104
167194
100376
226381
92844
1023
238042
10786
7297
90700
186681
234385
246509
222179
237319
1126
96985
2204
174896
199706
83612
187823
32530
163102
97323
181660
183127
69227
22099
193180
83804
35468
171179
42711
13063
23753
219737
128051
138353
196461
101788
230977
95799
218819
211710
86400
241996
92372
195703
105892
6250
178088
76118
79031
29367
167766
3052
69508
92167
246674
112453
229930
204724
170164
150618
15020
83115
192243
145770
163856
165010
152775
188937
54563
231742
44050
185127
37875
126874
102822
202420
124943
222267
230973
6779
169122
49077
160439
156097
172202
133985
158586
153703
15951
200922
139260
180458
219415
16175
186217
17148
202084
216652
10575
203667
202136
195335
137488
129600
6398
182410
7993
223346
178493
116318
64849
47099
43100
45095
140831
237974
126059
186699
172083
181628
28408
53841
63874
5508
107920
181769
201210
40287
228553
72528
226611
208953
193164
77573
40953
246739
63326
21675
136195
21995
218030
84374
64130
93925
3566
40144
219159
108511
153562
192010
69200
274
135343
162379
210024
144595
190497
222698
166591
152498
99080
74309
39554
52731
241469
212813
20205
24441
150077
181809
209638
109510
207932
17215
110681
25232
180264
154255
29387
212843
116994
88884
225496
97109
147170
178481
82050
102472
64266
51267
56480
215461
31140
77934
66683
114414
80222
170830
221579
230775
109943
237139
188442
197254
83642
113688
5362
90719
183332
45649
53729
167348
57705
126723
48132
51689
228737
143782
94019
240042
90422
118026
171016
111957
175038
213664
158210
9389
137754
89094
141439
132903
110044
222361
242593
123488
160511
98034
102829
102271
30503
233227
207848
222218
121289
81310
225169
181455
124620
236734
23360
83977
120080
32963
240914
39231
65550
193350
111056
100488
136660
62370
135973
83036
99519
106630
220288
127173
159332
173264
174029
144408
47765
20261
35521
139999
5758
209261
214173
19679
78439
216276
111658
135066
29162
133532
137743
113017
99723
138762
176951
249622
170779
120368
124548
15436
71713
147781
97931
9914
237158
51359
59701
113225
210928
249551
35108
26408
201186
73511
141705
110552
50982
72195
231828
154033
18453
111886
177287
186460
219433
108476
179224
172509
115310
249230
207293
173236
138766
241810
79792
197348
13198
62144
215187
37596
151691
31406
96951
12303
186939
128996
120753
230242
18723
22713
90722
226251
126560
68098
220237
202581
51161
54347
184991
116435
226317
65882
35805
65790
69627
166834
228866
183595
169072
230510
166764
246114
86547
27259
28834
217917
54944
13774
120563
242567
58249
196173
9470
28096
12119
228200
209090
100520
92277
155181
153681
136478
216975
125818
58797
127751
72962
52537
57879
179694
70124
53989
189576
94878
226486
208807
175398
159686
215205
130841
44581
227972
185395
145809
109277
225040
229984
199327
518
216391
32102
238584
239288
155123
240066
70017
55061
11951
146466
50757
68850
33885
28795
233691
84378
248147
22726
11140
71327
123842
13252
43928
54799
128537
82553
195486
14414
59098
18141
69266
221311
182186
215243
128825
89395
29443
78593
175404
183112
15169
170901
126673
160964
164815
116203
99738
1319
243174
85450
26494
171823
140558
48457
31416
33024
63769
242942
120052
102594
229761
166921
241180
245467
116517
205576
245640
26962
51382
137846
50076
46429
28929
99399
24516
116443
4795
25626
161347
90506
8120
113127
213968
68047
244267
154633
161267
118333
22696
243037
125561
226172
109955
113890
114545
111388
137872
57059
43906
11285
73784
181232
235962
166792
1527
62049
21557
141226
172372
226537
31300
68197
32705
207011
57789
42444
94258
4532
233018
105592
104737
19882
185598
64853
27941
193261
145057
93267
20988
235599
103813
81898
31998
145852
209605
82417
100279
29232
181947
133666
201058
242505
124090
249347
181360
124791
87579
235756
141298
170840
212783
145872
83069
12575
30520
32057
236999
72103
218712
20812
172632
82611
184174
143532
88341
102149
162315
95968
63894
243275
230407
44158
117282
52895
13916
23797
82824
127619
25434
190329
84525
18248
51175
71615
231197
194182
106713
220757
228378
52432
19209
131730
151987
114955
193496
75144
247423
202035
18664
208991
148477
244362
148656
132252
193473
105197
171311
32464
116361
238895
86090
78288
89833
27403
19715
124378
173474
115898
110010
108157
188472
52155
34892
36529
245856
7525
38758
246836
135065
103254
129623
129433
122258
32205
179012
76746
130596
151483
238422
54774
93702
219114
232347
170077
107174
40318
201730
139141
130675
137951
50274
153886
15046
111441
45752
217151
24525
176041
47398
161512
53671
139728
121741
245969
199997
13517
163460
205147
43610
48112
232225
12496
109759
157158
98425
43143
239204
244288
204453
105543
101605
249783
227581
115216
2729
8909
14297
54233
183418
189468
224043
230121
96965
6164
132994
46723
8273
122109
193185
168133
107881
55996
28800
177529
168721
42818
21647
7427
228933
197976
188609
215633
228959
189523
151221
152881
49471
155622
61832
73324
219530
217777
202236
224164
155599
134820
11659
214291
135588
114619
75470
224794
191303
171846
55552
185431
244527
214936
235139
123925
27106
146768
14014
112784
131257
29230
72068
58228
64806
238009
8743
141878
233170
54551
136509
57872
221149
193617
103934
93459
95339
230082
97006
37963
240546
162544
77572
114450
239315
198005
204626
239293
212719
197383
75124
55886
143640
169456
184593
88410
139477
185246
248528
504
183046
122818
101869
76810
154327
52168
42682
172018
758
155909
230013
242943
29094
111491
94491
182986
126713
50394
37128
65244
11892
53416
12400
44493
167089
115569
133032
22974
100499
38566
134157
87789
7341
98142
221301
130522
179327
4123
24646
96687
10355
237481
138501
64450
85932
151780
65810
50576
217236
86806
51989
68029
207675
24027
77822
2170
215645
133221
159379
156340
78643
118407
74805
42128
120626
184260
176375
84191
9734
144303
97085
166506
161302
239509
53833
13512
150551
218241
185777
9467
50770
20308
139870
174394
122320
79705
215251
44430
1462
83365
174971
198255
2182
61017
36086
124890
78185
142120
96481
210811
113725
152207
130436
81191
150290
228036
216363
206084
158181
173272
145234
76121
163778
192976
172701
249232
62048
126152
146172
189201
101545
36377
44928
231818
207867
57091
147248
55886
69347
137446
40028
122855
92550
3976
44622
54493
147494
199871
147824
135885
95645
165649
52100
216244
207642
45369
135838
199734
231995
19414
952
155180
170974
188609
25410
168355
217693
69230
186625
14518
91805
151604
211242
172240
80724
179887
139730
50150
116621
71343
17120
157609
58189
184068
172356
135425
175507
12995
29498
54974
59084
196320
105436
113236
225802
199603
236687
55764
159447
87649
135429
85655
25699
134975
20173
69478
170234
110027
20463
36388
171863
90590
190143
13765
231744
175075
10610
42728
245272
19671
211589
31975
149767
157606
212606
6814
191612
30519
45458
202970
198442
197827
6773
179178
110813
145167
52540
80523
89034
128532
240526
186571
216412
132713
151154
178477
121783
136262
84950
181987
7975
225444
120166
80188
768
28556
159415
204821
222053
191340
43749
56181
208468
205611
28868
240112
80333
226004
3012
163815
224824
226300
88929
236678
221031
35847
28845
186548
35416
230498
38265
230436
62121
182710
49274
70542
206718
208979
74087
162187
155263
37988
199165
60262
147960
9099
133437
220002
198746
115097
229671
196586
34867
128772
142144
199093
93667
211106
99383
129057
247443
155654
74497
209260
44994
77654
117004
37578
80079
77631
123785
19067
123210
108485
213128
33086
228544
116262
205592
99501
110180
58322
22300
215871
133768
7999
215213
152924
145589
42520
93798
63737
215672
167594
241603
56864
136462
66703
145568
171612
119455
226062
95942
151246
246593
222162
119859
153362
168062
102346
218070
205149
177525
38032
80775
152147
28546
43557
200228
221933
89344
223212
127979
114281
149723
92777
142762
25797
197102
21329
46287
188376
204812
7377
42551
95091
93918
1582
65913
115805
161488
83539
204164
109181
100030
96373
211342
20603
17328
94504
232870
121429
120331
159442
236140
146400
174692
151797
222966
179035
14401
78003
20599
249907
139901
161130
26898
2929
29385
142668
173996
109389
110827
233355
185943
75400
62523
72644
49588
96712
136345
121458
197659
94900
245397
202767
127607
245210
34336
249394
193563
11813
207208
126140
417
88032
135895
246980
160722
56158
49673
65174
86352
39108
104600
149348
1052
5511
210151
87777
245983
121414
114016
209666
148997
117544
200778
88626
214276
234628
105030
72555
49193
29720
243974
112910
1157
16646
191509
40646
16343
154043
148100
138309
109449
63715
190851
209302
249522
58005
80512
138507
248856
81225
64374
215550
249935
192253
124721
45791
162701
164919
241530
14889
85261
126246
90519
174481
114315
127934
111268
110588
7651
87729
89288
47367
149988
48816
1255
226006
93309
162670
98096
187840
101246
48763
215041
160133
92297
172445
244961
191072
148205
62748
43466
245802
209424
26638
52247
51847
189993
84694
47389
56604
130815
120796
57527
224371
206973
182199
154900
236448
242989
139843
216226
101285
211887
24484
235297
224111
216653
744
342
32304
70653
51440
89635
222174
39985
71718
203084
146904
240275
120215
115328
20898
116385
194903
33353
126677
117702
28379
22174
32687
55619
138690
181880
171213
231278
140048
25911
234783
61147
197894
43619
77829
168586
178717
59783
59784
161355
190104
249362
193206
155472
239715
76258
10470
48415
86167
179521
19039
154976
58716
113120
30924
23148
20808
26234
136724
5764
126635
248098
223960
118475
69676
91762
96479
8898
173318
129421
7627
73668
206273
184787
118446
27354
63423
222012
42917
142225
76122
2949
9963
154658
8649
145705
159652
76017
52015
174853
165712
2691
88951
161614
207811
211340
166117
197878
63565
83190
192496
172372
222820
69299
167071
137582
180565
21556
202331
126165
164517
59949
24097
139460
43044
59186
89862
171881
8462
24750
43493
201554
152382
147627
103390
67966
176760
143587
198140
131909
106827
235833
121487
169739
167162
31673
247667
129503
218531
34686
126110
24215
37998
177660
7249
242142
73630
1464
97317
52179
31275
215586
2483
175422
174792
91100
71265
87316
143699
10150
108491
23945
52075
185933
17284
190215
233354
9595
106368
62361
119142
75545
92288
240051
135333
104263
95611
167
154552
10312
187177
91814
128960
165152
152864
220396
245453
50980
53697
54011
104595
16325
116080
217768
104653
129289
220854
100582
21393
238984
5924
105741
33259
136975
24164
239792
184485
220312
139205
18341
34432
47033
234265
177113
120056
77447
60279
201065
157028
201347
216456
220456
22001
190751
63405
53385
113397
40409
213224
58350
158648
47555
229100
247913
218223
212682
55230
66467
108610
15816
90139
249168
205751
171745
53355
22963
172382
20457
168733
6540
5946
242346
143709
17713
200146
144959
100772
133807
8475
152061
42150
9748
65640
99416
141852
166085
74427
203518
145025
60393
157638
149820
8703
45149
115094
139370
13525
97866
43960
38198
27841
203796
216520
162771
209516
37775
89583
55686
32503
136133
167054
167317
55800
125127
198646
205013
205273
91955
126446
107757
143327
141942
145883
52294
81231
23322
14365
99053
246131
205414
242955
54037
167966
26459
111316
115651
125336
147493
78767
126995
76176
84573
126662
140137
5552
50305
123570
65728
160393
233971
72465
72949
83024
113090
43533
191167
173291
224307
83063
131669
144576
74266
45364
137591
3581
124113
159277
214138
197954
145803
204685
172539
197120
52369
125527
152583
208777
105875
64770
95517
68684
201145
62969
89119
153555
211727
156025
42787
37431
172343
54597
222441
77637
18008
191688
102101
27286
234834
85361
166973
233195
133099
125079
95896
78315
168235
218933
168791
112413
26621
192079
129192
181260
203672
102820
87840
37889
5072
69748
56629
243973
237937
51985
54346
188796
100140
35580
22609
157095
173145
24170
24672
107343
245597
60664
129849
165583
115348
109941
82262
94326
47913
62504
232578
10711
173691
118101
133
188762
170280
224287
112429
60075
99547
230010
214257
105604
145000
97248
212305
218994
104137
35808
219164
159140
219732
101759
72158
210665
132568
62781
31523
154249
95858
221038
56750
7336
162634
152628
185518
212622
147448
173978
111863
50213
67450
42948
233964
129088
102447
126072
14749
79374
116827
153042
174888
180034
146867
133853
19581
123480
243289
101124
19232
63890
9522
241535
77114
139128
115442
186241
241061
216288
72731
218738
169815
185153
137435
9552
8879
81520
133021
133452
161179
15283
163698
3763
222107
113883
19248
109713
195622
206288
101266
84566
68545
223995
23379
120072
177642
144758
203134
153591
78560
15960
121214
105926
182863
183054
87223
8773
154094
92245
138960
110983
166208
47052
132018
17676
151738
97564
131153
136011
21588
2862
41826
23913
174400
50525
97474
218399
98529
154614
156425
215676
83768
152488
198336
162297
24356
171059
35705
71461
194139
213990
168623
130268
436
181016
71044
171857
146297
39259
174162
160312
102165
208320
195431
59521
87045
233000
176459
157909
161339
7540
245410
226418
199363
180954
4107
164382
55935
199966
12148
177625
148210
199403
43397
108320
107421
903
147909
48363
53524
206878
221499
179330
191708
109366
175230
78069
47947
151034
194469
234900
188898
170140
9440
167523
19031
99223
219706
175974
117014
218731
67231
160290
201585
184065
234941
234720
143090
228921
161856
71877
86953
65686
179335
28816
160142
183696
135898
94146
123313
46920
157856
137095
40133
150970
165908
231941
245280
248668
34160
50172
232354
94892
248323
217215
210903
146127
138907
114951
191443
87283
204256
191899
210712
220034
57343
148553
16733
231447
129531
112241
58478
180909
244616
223736
207446
38837
21381
220536
233392
212792
127206
48689
61593
59049
209663
71689
65192
11433
11342
100679
187345
154657
87587
153491
37999
91995
67499
247873
65514
194835
98228
9715
3731
213095
179402
59276
46456
198427
141106
90449
247022
167041
53464
109488
54094
126546
207139
35038
93748
30167
190538
9500
136238
193081
190581
165575
239818
87366
121113
187396
150950
150532
128245
61626
163559
7751
119747
132812
94750
239599
64749
82742
46054
42980
135711
164406
56055
65753
65986
190262
398
163238
248920
53256
44850
132604
223713
19747
44488
182627
137046
173030
150861
141161
105580
229748
1698
218945
987
238500
22066
235857
161303
134313
132283
162818
106680
117201
199607
67830
248282
72041
146827
172034
13304
48113
217491
98010
231516
191863
92032
236658
51487
97561
83556
94370
180784
223454
83213
90492
135477
127255
124303
36097
229107
96156
166581
103640
73158
189445
170717
37236
12505
69554
176274
56251
94977
78708
96801
236533
233917
197482
204677
38535
200801
91382
70889
129312
103719
178739
223173
183743
194407
172781
145518
92414
138944
165891
90286
193665
69350
207324
207329
3326
158899
215888
207315
98917
140221
58053
128203
64260
25614
176765
38372
190453
212470
206368
134397
40445
143845
198763
183143
156896
151466
203928
171103
125901
130163
54562
219424
174263
204771
186036
140760
219250
113714
169039
242278
222180
189139
95313
75822
31090
21037
82538
76553
163025
164828
210947
31777
164474
164399
86041
132779
130719
54945
215333
199424
8568
87743
58100
116703
17196
180913
6173
245243
211461
124714
46052
246428
3515
125186
173428
91285
198476
99939
68618
143869
246414
245884
223159
208417
100211
121949
160334
86354
135604
200500
211715
185709
82301
41653
138039
248353
63922
46912
30303
39171
115655
79552
100961
214544
87716
42872
106854
94734
245446
10943
111353
62614
183866
191912
13426
132284
115507
65163
99017
43683
237893
141794
46319
3088
112586
163214
242860
106175
75361
141119
150894
169443
45682
244854
168619
131010
19872
45895
76982
193080
126850
24859
152005
225632
219217
102720
219211
221844
224725
130341
3434
41527
62179
246423
89542
214639
34266
112045
87246
102728
108490
44846
6095
136025
122555
208777
140070
39052
145186
7626
38417
144777
199925
92851
127131
94076
112568
222046
71380
160088
232515
21695
209513
58467
42853
38029
132844
53482
137536
199684
24221
128509
23474
221452
10574
219768
166197
23556
116485
19925
185133
74144
110280
137090
5627
159460
104998
153816
93558
245366
224192
226854
57341
217703
24769
121438
9343
38142
69590
528
220708
174773
155477
12813
180149
234542
210817
748
216301
101398
71400
164338
37016
148204
10826
168682
177389
169012
227957
78498
239298
52791
44687
104412
123966
37096
222625
149092
236297
245096
16756
208224
2304
145692
60146
63638
148781
9224
242960
94514
170115
203757
172513
68824
6663
111319
51224
66390
230482
151744
298
52626
223149
13831
165801
195253
224170
4046
54228
223615
113833
30982
37752
181863
102412
224829
235702
246390
217599
111599
139593
65542
183896
53430
93815
15728
223183
241627
118342
30203
85603
65902
42900
16717
100963
216609
217439
217427
47395
193772
14337
115949
214388
167945
177545
131448
82861
63021
3986
241454
139157
61761
5777
201228
109269
162463
204656
237045
156461
222170
225491
38908
165553
168622
63078
77483
38943
187314
207433
217368
184537
99230
161411
210843
222317
61517
232734
121357
216099
33424
29555
54649
135145
227571
3408
168757
46528
39151
100092
232755
237974
39469
87976
98212
23046
97834
179237
19667
104621
230155
17813
58981
219695
5058
193414
139569
37406
156171
158860
24583
30170
202559
150668
209312
130908
188834
148551
234607
172944
227864
56355
183658
243392
138840
43717
2607
68607
224168
119770
182517
235490
248866
76386
52440
218263
28952
28751
199781
22655
3331
183268
149603
154671
100634
19558
138212
82763
9864
58076
85839
110980
19537
180469
159340
224032
68094
77026
49755
29696
106451
126382
172635
223725
187938
143274
169247
45029
119589
23719
206394
200186
226599
154743
179029
82421
201894
208147
184667
163891
171990
21538
82722
73855
132407
197736
159380
88098
176804
41890
83223
49914
147307
130935
43657
185089
103778
48376
147275
196827
28778
15772
169618
181346
107612
134176
160280
86927
80973
196902
88142
243926
74154
84866
199957
85529
148721
75676
209114
76537
34249
49665
21797
234224
107209
21109
179236
124629
60845
86728
118709
116072
147162
240650
182064
113059
144681
156784
193614
200639
196031
89375
124665
8913
188457
38114
187799
55382
154080
132908
225509
99975
194625
50210
61254
182936
233056
68762
63927
109399
81560
4136
44086
6045
155309
227548
171729
112414
20997
219281
137455
145030
194217
36637
88873
220985
150292
231056
25387
73774
124927
8859
113226
139150
42856
94955
81869
40157
157991
94505
172656
11536
120509
104520
137316
21639
159564
42480
5813
239149
111220
230235
72237
141583
157124
4134
55123
143013
43438
180057
19406
140128
94357
207678
249112
69389
122307
159950
113594
27320
11983
100392
215471
17283
174993
145180
79312
51855
217310
51008
70616
106061
199433
201132
70549
11012
113486
224517
232802
92529
22765
208625
54544
175732
20696
43028
160887
151177
38195
53746
63612
134535
186394
243794
167181
118283
221951
159467
60011
241475
179292
95374
38823
32691
165288
182348
23585
161883
245835
178338
15748
218831
49883
216346
87004
208962
116992
180610
71121
236648
75304
181414
171048
147161
29996
40449
182204
199616
137533
55903
32960
225809
166963
80814
108279
156422
109395
108953
233463
222936
46684
113058
20909
69186
145812
187374
138273
207460
53708
172641
138755
4383
187638
21560
63642
182403
200296
20063
107004
152972
187419
189250
85580
106221
34815
5838
249916
147805
46884
36813
79487
230140
31827
94412
82548
69553
75605
234106
104882
69575
167215
233499
63570
74286
203396
46127
44170
72135
20383
222406
145036
90185
218017
220712
57456
23854
119911
41984
249045
85158
184499
210451
84020
17423
179463
145569
67505
161551
33164
196044
59820
133455
214433
246527
206243
24514
131805
111141
218636
152355
151991
81089
161681
241021
195582
206615
198087
195952
44536
142538
221490
35190
62235
144008
28145
19741
20784
219282
177317
3711
63947
1636
6374
209919
208205
191546
11007
169996
131932
115961
179909
8219
114284
15758
24378
135608
86058
72948
109888
124393
41384
186052
124973
20473
93309
228427
66860
220626
106532
101242
78785
72140
210550
24591
70254
124891
174119
86805
233838
241190
126795
63201
86372
34021
13673
70440
54515
222689
112781
183359
142411
116292
176160
59962
239990
122846
152212
59551
53693
71671
105859
148530
164041
161874
124064
221109
39338
111859
157671
71017
150296
106855
151679
47797
190958
78784
79156
50411
16485
85248
226145
175035
240120
111396
100294
208716
184280
224029
101954
85355
202641
30513
157016
200959
241564
44188
162188
236547
70766
247400
14688
177227
85958
152459
249527
130096
249318
30835
249707
171463
77330
153869
61593
121967
62851
238797
190842
14248
145860
83502
142938
42366
10900
11250
198052
106751
194523
102151
48528
57963
192979
156966
48032
30360
176336
215451
26588
84767
213662
210930
249641
199750
126964
41258
133477
185220
9202
196206
196703
87453
224803
19491
148854
38273
153114
115436
95668
218508
45705
237760
225599
30554
185246
38286
240424
156319
14340
12370
176268
160139
120954
92448
220460
1119
94807
3498
148925
227234
111792
26881
67811
52290
178391
237377
90273
182119
207518
75071
15991
65111
223388
116570
180532
137757
184297
29224
236515
11526
147099
94998
177832
178033
27039
5928
96548
73444
29372
98949
194027
161149
22456
170937
8524
248204
177238
168779
208112
28051
99459
137931
87361
74280
145837
187085
107279
142424
102197
155558
192782
235282
210632
81130
154527
103821
177206
37108
32702
166762
153576
201417
61731
146147
136517
109035
236073
124212
174378
45526
126601
38102
121308
215088
80382
77567
212399
149895
3915
177537
41369
18548
104238
204902
159367
246499
52462
239605
175389
190023
133938
221842
28588
53147
52422
72286
106814
84958
39073
50928
247605
89005
26512
107629
197669
225167
23535
70550
205320
28678
201176
66447
48238
5569
125509
84550
74956
63844
164997
38388
153959
36293
124196
239119
31175
59826
66614
31445
171935
227473
73079
230203
199939
169900
4278
242051
214292
226183
48362
100401
168362
116467
191869
26086
239725
131535
109308
43640
56955
246409
236377
70415
69455
132496
112972
6639
26849
80632
147060
58110
60667
42979
244057
75012
103053
43474
26031
158502
154018
204095
63957
6123
2145
217098
49931
60267
192182
100379
210276
118640
149487
70237
126283
192388
208191
231498
244743
59789
191810
59785
189390
90762
89194
192167
80027
133428
101429
110872
45446
182724
59088
30485
36150
178049
204954
127602
51305
19989
43184
74992
71826
195243
119719
202525
182198
207263
44204
193991
80414
216747
139167
209342
24615
133361
25309
96820
100007
168598
198611
207852
110507
135770
103956
112194
234291
90782
159559
2041
248973
62934
209176
202115
4493
219323
210961
169342
173970
139934
92814
32349
162904
8333
115805
14707
109248
36151
148150
96331
127506
225750
44791
180330
21174
122493
68920
12232
248388
33118
246665
6412
173068
238604
28987
202515
7899
218408
38439
32498
106338
73786
140028
139052
57877
167331
74291
177117
147873
50472
83778
181850
42386
211432
243943
188414
119949
133238
85841
18779
15752
152342
81064
144788
238347
35960
167450
198622
242758
155305
30446
121333
226907
109768
46395
186959
855
133025
200748
223917
241203
21976
167069
126742
25582
217354
199345
20105
204087
68937
116037
219808
117451
53353
215223
209706
148461
138788
58925
119692
10346
73359
29633
163005
113601
58237
24899
30353
190101
181329
73166
167488
38939
247484
25492
9699
195377
199509
21369
156809
91061
243491
151879
173281
219599
224260
5142
236131
200087
232493
130827
202401
233454
196805
176752
186385
157921
189046
82189
32088
213170
165165
246946
233158
224140
120117
168631
71487
128765
190984
21140
184219
924
140328
202805
102415
94143
5473
15486
2040
8514
173815
140018
213644
147424
161260
237992
134760
20644
113548
118259
171225
63845
216767
18378
108685
1286
113793
178897
97238
32363
239462
154619
165875
36742
211293
126520
246237
69625
181817
127318
50187
225660
214225
121250
55316
68585
109092
233489
76104
87037
107533
64086
49486
221352
74558
175305
85248
102369
171093
179437
83276
219300
181946
217874
165253
151562
19869
117085
7131
96546
48976
84557
67610
168325
30796
63436
112553
136674
149400
16419
125821
226525
60318
56109
55623
58069
66782
16155
174741
150963
91175
125982
89624
198668
238169
103708
67659
100189
238337
41469
78264
230397
217083
157586
199676
239455
132960
6274
34955
190308
188963
130891
234512
148462
129427
56654
247286
10490
232688
97801
167350
181583
200364
14918
60441
56925
29964
86184
104954
230622
15918
240387
213849
29122
154135
99575
121692
55346
137267
145816
153799
159299
121042
36593
202766
242250
28615
106971
138508
86435
141857
86989
209361
130745
59880
60098
38796
120655
138360
177357
130950
24258
216359
92804
179254
20019
221159
193348
39846
158704
212604
44222
4738
241260
220869
149175
191513
167165
141074
167852
129734
53123
206163
92670
234683
242332
83019
218672
46257
34309
45471
233699
15906
145129
116546
149938
209140
55223
43278
68140
187315
205134
82559
156237
160646
156637
149222
152480
74137
220568
69631
186981
85549
136379
41214
69480
16818
211882
93499
123398
174626
37166
124618
145766
177399
72000
36128
128029
214214
212950
122970
141303
215066
91256
139638
162492
213195
66649
95654
175490
22344
16108
215096
91717
158551
239787
171538
149875
97137
139118
73604
46205
98924
211153
201529
28426
5352
77624
194194
159963
143563
46215
103259
124441
141133
185228
217103
61362
26693
203705
201236
154315
95227
193026
31195
159635
195624
67552
164559
182409
80504
98717
212172
188956
25994
78233
184983
154272
63862
150879
208165
68329
246221
185515
151015
75122
52192
249179
139440
149528
23559
230486
222978
106196
90830
106387
52667
177284
133124
6309
94980
199378
211059
120004
131937
47132
138475
79712
13372
77491
191614
227872
168542
77701
48074
183060
10440
97592
140825
200114
231421
74636
20600
139878
183197
32484
131237
29532
51597
79707
197421
145508
186545
9792
68602
173576
6909
65535
140288
146808
181408
226462
226632
73975
61774
41544
197595
41620
123387
47396
169427
30723
206275
175993
234614
239699
53785
159417
22037
143203
52303
233323
69044
236003
195190
35444
31721
119985
78188
224795
3811
218228
97396
47860
121334
11352
22831
52011
228413
244167
72252
73663
49926
207060
40749
243167
188716
223950
90114
234433
82071
210576
88505
153409
236862
2714
107411
21002
225054
65998
246968
67627
24563
67465
25071
106896
165737
135210
109490
129752
144501
123830
240776
75537
99528
64028
90515
31565
6233
177111
208983
234174
127402
154796
194588
187998
